\# Pose of ref_camera_link in hand
camera:
  x: 0.03066786656311201
  y: 0.0002916853387606305
  z: 0.06111340486830215
  roll: -0.2269061345920429
  pitch: -1.478234884273772
  yaw: -2.9525675984049986
