# Pose of panda2_ref_camera_link in panda2_hand
camera:
  x: 0.13382402248389477
  y: -0.0045291361843893055
  z: -0.0824905105450789
  roll: 0.010326470169078823
  pitch: -1.3082864817774722
  yaw: 3.1024464230514037
