# Pose of panda2_ref_camera_link in panda2_hand
camera:
  x: 0.13967612678695326
  y: -0.014446642291159488
  z: -0.08527548627627562
  roll: 0.035422755166663634
  pitch: -1.322907662418763
  yaw: 3.019794066851712
